version https://git-lfs.github.com/spec/v1
oid sha256:f73c940b0bf8c6ce3ce5f70cd0eae26a07d183ad837f922aec523f2248c30470
size 1082
