version https://git-lfs.github.com/spec/v1
oid sha256:1bcc42c2ac15cf8b24239f4a4b1898e8a70cd1fd7cda9b6adcd81b91f0957ecc
size 980
