version https://git-lfs.github.com/spec/v1
oid sha256:48127802bbe531175bc29914b3251c9456e391befe4d8a58d1040204a662b454
size 1332
