version https://git-lfs.github.com/spec/v1
oid sha256:fd099a5440b2b410c53c7d2ca6256ff684b1d55550207c949b6307359658d3a0
size 1128
