version https://git-lfs.github.com/spec/v1
oid sha256:fd2a1d5afde86b675442aae91b4582347052130614d2bf14d33582e2ffa6d61e
size 271
