version https://git-lfs.github.com/spec/v1
oid sha256:eedcd2cb144bc682e01e649f6813b873a05297f27420f07ad3807af98e1c16e2
size 744
