version https://git-lfs.github.com/spec/v1
oid sha256:2b41df72df8d686235065df55418bc9459917a3b958e38c52320fc8bdd4f13a3
size 830
